0, 1713962650256158, 1713962650256216, 58
1, 1713962650279583, 1713962650279803, 220
2, 1713962650295148, 1713962650295270, 122
3, 1713962650314791, 1713962650314812, 21
4, 1713962650331034, 1713962650331053, 19
5, 1713962650347313, 1713962650347333, 20
6, 1713962650363674, 1713962650363694, 20
7, 1713962650380205, 1713962650380226, 21
8, 1713962650396804, 1713962650396824, 20
9, 1713962650412411, 1713962650412431, 20
10, 1713962650434048, 1713962650434068, 20
11, 1713962650450066, 1713962650450086, 20
12, 1713962650466175, 1713962650466195, 20
13, 1713962650482437, 1713962650482457, 20
14, 1713962650497692, 1713962650497798, 106
15, 1713962650514084, 1713962650514105, 21
16, 1713962650530646, 1713962650530666, 20
17, 1713962650550257, 1713962650550277, 20
18, 1713962650565482, 1713962650565501, 19
19, 1713962650580808, 1713962650580826, 18
20, 1713962650599268, 1713962650599287, 19
21, 1713962650615446, 1713962650615466, 20
22, 1713962650630619, 1713962650630639, 20
23, 1713962650645889, 1713962650645908, 19
24, 1713962650661208, 1713962650661228, 20
25, 1713962650679957, 1713962650680068, 111
26, 1713962650695921, 1713962650695941, 20
27, 1713962650712186, 1713962650712212, 26
28, 1713962650727526, 1713962650727546, 20
29, 1713962650742937, 1713962650743043, 106
30, 1713962650759349, 1713962650759370, 21
31, 1713962650779148, 1713962650779168, 20
32, 1713962650798848, 1713962650798867, 19
33, 1713962650814872, 1713962650814979, 107
34, 1713962650830987, 1713962650831008, 21
35, 1713962650847311, 1713962650847330, 19
36, 1713962650863706, 1713962650863727, 21
37, 1713962650879072, 1713962650879092, 20
38, 1713962650894509, 1713962650894529, 20
39, 1713962650912214, 1713962650912233, 19
40, 1713962650928436, 1713962650928455, 19
41, 1713962650944789, 1713962650944808, 19
42, 1713962650964165, 1713962650964186, 21
43, 1713962650980376, 1713962650980396, 20
44, 1713962650995619, 1713962650995640, 21
45, 1713962651012049, 1713962651012068, 19
46, 1713962651027505, 1713962651027525, 20
47, 1713962651046051, 1713962651046236, 185
48, 1713962651062071, 1713962651062180, 109
49, 1713962651077185, 1713962651077248, 63
50, 1713962651092569, 1713962651092589, 20
51, 1713962651109087, 1713962651109107, 20
52, 1713962651124586, 1713962651124731, 145
53, 1713962651143173, 1713962651143331, 158
54, 1713962651162633, 1713962651162783, 150
55, 1713962651177605, 1713962651177761, 156
56, 1713962651193694, 1713962651193836, 142
57, 1713962651209958, 1713962651210089, 131
58, 1713962651226373, 1713962651226511, 138
59, 1713962651241759, 1713962651241900, 141
60, 1713962651261170, 1713962651261306, 136
61, 1713962651276214, 1713962651276355, 141
62, 1713962651292441, 1713962651292581, 140
63, 1713962651307698, 1713962651307845, 147
64, 1713962651324214, 1713962651324370, 156
65, 1713962651341679, 1713962651341823, 144
66, 1713962651357733, 1713962651357884, 151
67, 1713962651372884, 1713962651373032, 148
68, 1713962651388119, 1713962651388275, 156
69, 1713962651403488, 1713962651403722, 234
70, 1713962651418915, 1713962651419135, 220
71, 1713962651434444, 1713962651434660, 216
72, 1713962651455063, 1713962651455291, 228
73, 1713962651471228, 1713962651471446, 218
74, 1713962651486279, 1713962651486495, 216
75, 1713962651501433, 1713962651501660, 227
76, 1713962651516665, 1713962651516818, 153
77, 1713962651531996, 1713962651532224, 228
78, 1713962651549410, 1713962651549647, 237
79, 1713962651564376, 1713962651564604, 228
80, 1713962651579449, 1713962651579665, 216
81, 1713962651594576, 1713962651594790, 214
82, 1713962651609820, 1713962651609966, 146
83, 1713962651625145, 1713962651625371, 226
84, 1713962651640625, 1713962651640770, 145
85, 1713962651659300, 1713962651659444, 144
86, 1713962651674409, 1713962651674619, 210
87, 1713962651689636, 1713962651689771, 135
88, 1713962651704926, 1713962651705148, 222
89, 1713962651720349, 1713962651720489, 140
90, 1713962651735832, 1713962651736050, 218
91, 1713962651751397, 1713962651751622, 225
92, 1713962651771959, 1713962651772109, 150
93, 1713962651788115, 1713962651788275, 160
94, 1713962651812988, 1713962651813286, 298
95, 1713962651840285, 1713962651840532, 247
96, 1713962651856917, 1713962651857064, 147
97, 1713962651874637, 1713962651874863, 226
98, 1713962651890774, 1713962651890929, 155
99, 1713962651907079, 1713962651907307, 228
100, 1713962651923493, 1713962651923716, 223
101, 1713962651940092, 1713962651940385, 293
102, 1713962651959788, 1713962651959944, 156
103, 1713962651975970, 1713962651976193, 223
104, 1713962651992274, 1713962651992441, 167
105, 1713962652008783, 1713962652009004, 221
106, 1713962652027492, 1713962652027634, 142
107, 1713962652048189, 1713962652048427, 238
108, 1713962652064214, 1713962652064443, 229
109, 1713962652080375, 1713962652080593, 218
110, 1713962652096714, 1713962652096855, 141
111, 1713962652113190, 1713962652113423, 233
112, 1713962652132759, 1713962652132994, 235
113, 1713962652148823, 1713962652148977, 154
114, 1713962652165070, 1713962652165292, 222
115, 1713962652181441, 1713962652181588, 147
116, 1713962652197995, 1713962652198157, 162
117, 1713962652217626, 1713962652217850, 224
118, 1713962652233731, 1713962652233873, 142
119, 1713962652250015, 1713962652250164, 149
120, 1713962652266439, 1713962652266659, 220
121, 1713962652283047, 1713962652283201, 154
122, 1713962652302690, 1713962652302832, 142
123, 1713962652318864, 1713962652319083, 219
124, 1713962652335175, 1713962652335406, 231
125, 1713962652351676, 1713962652351905, 229
126, 1713962652370413, 1713962652370637, 224
127, 1713962652391109, 1713962652391276, 167
128, 1713962652407170, 1713962652407316, 146
129, 1713962652423328, 1713962652423555, 227
130, 1713962652439685, 1713962652439901, 216
131, 1713962652456161, 1713962652456326, 165
132, 1713962652475755, 1713962652475987, 232
133, 1713962652491819, 1713962652492029, 210
134, 1713962652508051, 1713962652508192, 141
135, 1713962652524460, 1713962652524691, 231
136, 1713962652541021, 1713962652541256, 235
137, 1713962652560679, 1713962652560827, 148
138, 1713962652576808, 1713962652576953, 145
139, 1713962652593122, 1713962652593359, 237
140, 1713962652609586, 1713962652609813, 227
141, 1713962652626230, 1713962652626449, 219
142, 1713962652645881, 1713962652646113, 232
143, 1713962652662089, 1713962652662306, 217
144, 1713962652678442, 1713962652678799, 357
145, 1713962652701946, 1713962652702091, 145
146, 1713962652718412, 1713962652718565, 153
147, 1713962652736652, 1713962652736821, 169
148, 1713962652752687, 1713962652752839, 152
149, 1713962652768886, 1713962652769108, 222
150, 1713962652785209, 1713962652785358, 149
151, 1713962652801713, 1713962652801939, 226
152, 1713962652819975, 1713962652820185, 210
153, 1713962652836118, 1713962652836363, 245
154, 1713962652852350, 1713962652852570, 220
155, 1713962652868737, 1713962652868879, 142
156, 1713962652885284, 1713962652885507, 223
157, 1713962652903575, 1713962652903717, 142
158, 1713962652919695, 1713962652919922, 227
159, 1713962652935956, 1713962652936109, 153
160, 1713962652952412, 1713962652952651, 239
161, 1713962652969050, 1713962652969197, 147
162, 1713962652987513, 1713962652987667, 154
163, 1713962653003759, 1713962653003985, 226
164, 1713962653022275, 1713962653022444, 169
165, 1713962653039869, 1713962653040088, 219
166, 1713962653056384, 1713962653056523, 139
167, 1713962653074577, 1713962653074717, 140
168, 1713962653090553, 1713962653090689, 136
169, 1713962653106711, 1713962653106926, 215
170, 1713962653122996, 1713962653123226, 230
171, 1713962653139487, 1713962653139711, 224
172, 1713962653157707, 1713962653157946, 239
173, 1713962653173779, 1713962653173930, 151
174, 1713962653190004, 1713962653190234, 230
175, 1713962653206363, 1713962653206594, 231
176, 1713962653222893, 1713962653223117, 224
177, 1713962653241152, 1713962653241301, 149
178, 1713962653257248, 1713962653257474, 226
179, 1713962653273465, 1713962653273613, 148
180, 1713962653289875, 1713962653290104, 229
181, 1713962653306417, 1713962653306556, 139
182, 1713962653324735, 1713962653324955, 220
183, 1713962653340878, 1713962653341109, 231
184, 1713962653359260, 1713962653359529, 269
185, 1713962653386540, 1713962653386699, 159
186, 1713962653403768, 1713962653404014, 246
187, 1713962653421069, 1713962653421357, 288
188, 1713962653439579, 1713962653439732, 153
189, 1713962653454742, 1713962653454961, 219
190, 1713962653470027, 1713962653470256, 229
191, 1713962653485378, 1713962653485600, 222
192, 1713962653500848, 1713962653500998, 150
193, 1713962653519469, 1713962653519614, 145
194, 1713962653534571, 1713962653534793, 222
195, 1713962653549735, 1713962653549972, 237
196, 1713962653565040, 1713962653565275, 235
197, 1713962653582483, 1713962653582727, 244
198, 1713962653599535, 1713962653599678, 143
199, 1713962653614917, 1713962653615056, 139
