0, 1713966450389631, 1713966450389800, 169
1, 1713966450407339, 1713966450407696, 357
2, 1713966450421793, 1713966450421948, 155
3, 1713966450436955, 1713966450437203, 248
4, 1713966450451577, 1713966450451724, 147
5, 1713966450466735, 1713966450466985, 250
6, 1713966450481130, 1713966450481374, 244
7, 1713966450495773, 1713966450495919, 146
8, 1713966450510899, 1713966450511142, 243
9, 1713966450525540, 1713966450526580, 1040
10, 1713966450539730, 1713966450540871, 1141
11, 1713966450554384, 1713966450554531, 147
12, 1713966450569003, 1713966450569247, 244
13, 1713966450583613, 1713966450584658, 1045
14, 1713966450598313, 1713966450598461, 148
15, 1713966450613063, 1713966450613305, 242
16, 1713966450627688, 1713966450627832, 144
17, 1713966450642844, 1713966450642992, 148
18, 1713966450658002, 1713966450658149, 147
19, 1713966450672396, 1713966450672635, 239
20, 1713966450687025, 1713966450687170, 145
21, 1713966450701404, 1713966450701713, 309
22, 1713966450715809, 1713966450716050, 241
23, 1713966450730185, 1713966450731221, 1036
24, 1713966450742207, 1713966450746081, 3874
25, 1713966450754131, 1713966450759032, 4901
26, 1713966450771047, 1713966450774745, 3698
27, 1713966450782971, 1713966450787013, 4042
28, 1713966450796690, 1713966450802897, 6207
29, 1713966450810761, 1713966450819502, 8741
30, 1713966450822691, 1713966450832546, 9855
31, 1713966450846764, 1713966450847003, 239
32, 1713966450860527, 1713966450862513, 1986
33, 1713966450874253, 1713966450876241, 1988
34, 1713966450887952, 1713966450888126, 174
35, 1713966450901110, 1713966450903782, 2672
36, 1713966450913068, 1713966450918350, 5282
37, 1713966450927857, 1713966450928914, 1057
38, 1713966450942734, 1713966450942796, 62
39, 1713966450963630, 1713966450964663, 1033
40, 1713966450975582, 1713966450975957, 375
41, 1713966450992880, 1713966450993916, 1036
42, 1713966451007116, 1713966451009211, 2095
43, 1713966451019074, 1713966451019814, 740
44, 1713966451036173, 1713966451036478, 305
45, 1713966451050812, 1713966451051119, 307
46, 1713966451065192, 1713966451065337, 145
47, 1713966451079600, 1713966451080635, 1035
48, 1713966451094083, 1713966451095155, 1072
49, 1713966451108693, 1713966451108875, 182
50, 1713966451123850, 1713966451124092, 242
51, 1713966451138513, 1713966451139639, 1126
52, 1713966451153891, 1713966451154037, 146
53, 1713966451169045, 1713966451169286, 241
54, 1713966451183668, 1713966451184208, 540
55, 1713966451198306, 1713966451198452, 146
56, 1713966451213430, 1713966451213738, 308
57, 1713966451227819, 1713966451228857, 1038
58, 1713966451242419, 1713966451243613, 1194
59, 1713966451254442, 1713966451257493, 3051
60, 1713966451266364, 1713966451271482, 5118
61, 1713966451278298, 1713966451286965, 8667
62, 1713966451292692, 1713966451304454, 11762
63, 1713966451304640, 1713966451321050, 16410
64, 1713966451323520, 1713966451331616, 8096
65, 1713966451343597, 1713966451343818, 221
66, 1713966451360444, 1713966451361790, 1346
67, 1713966451372452, 1713966451374645, 2193
68, 1713966451384404, 1713966451390209, 5805
69, 1713966451398759, 1713966451404344, 5585
70, 1713966451415987, 1713966451417914, 1927
71, 1713966451430749, 1713966451432785, 2036
72, 1713966451446188, 1713966451447669, 1481
73, 1713966451459859, 1713966451461189, 1330
74, 1713966451471803, 1713966451472343, 540
75, 1713966451488835, 1713966451490268, 1433
76, 1713966451500856, 1713966451504204, 3348
77, 1713966451512778, 1713966451514287, 1509
78, 1713966451526493, 1713966451532981, 6488
79, 1713966451540189, 1713966451545036, 4847
80, 1713966451552116, 1713966451560247, 8131
81, 1713966451564029, 1713966451571612, 7583
82, 1713966451575975, 1713966451580029, 4054
83, 1713966451589591, 1713966451593146, 3555
84, 1713966451606808, 1713966451607950, 1142
85, 1713966451627583, 1713966451627728, 145
86, 1713966451644056, 1713966451644200, 144
87, 1713966451664126, 1713966451664369, 243
88, 1713966451678884, 1713966451679026, 142
89, 1713966451694405, 1713966451694739, 334
90, 1713966451708785, 1713966451708932, 147
91, 1713966451723154, 1713966451723300, 146
92, 1713966451747925, 1713966451748074, 149
93, 1713966451765196, 1713966451766236, 1040
94, 1713966451780048, 1713966451780305, 257
95, 1713966451794564, 1713966451794720, 156
96, 1713966451809107, 1713966451809754, 647
97, 1713966451822820, 1713966451828691, 5871
98, 1713966451834756, 1713966451843908, 9152
99, 1713966451854903, 1713966451856982, 2079
100, 1713966451866860, 1713966451867724, 864
101, 1713966451883035, 1713966451886428, 3393
102, 1713966451895027, 1713966451895877, 850
103, 1713966451914772, 1713966451915852, 1080
104, 1713966451926850, 1713966451929534, 2684
105, 1713966451938840, 1713966451940169, 1329
106, 1713966451952601, 1713966452094587, 141986
107, 1713966452107392, 1713966452108146, 754
108, 1713966452123179, 1713966452124441, 1262
109, 1713966452135171, 1713966452138495, 3324
110, 1713966452147090, 1713966452147959, 869
111, 1713966452164264, 1713966452165317, 1053
112, 1713966452176269, 1713966452179683, 3414
113, 1713966452188188, 1713966452193214, 5026
114, 1713966452200120, 1713966452210135, 10015
115, 1713966452219653, 1713966452220543, 890
116, 1713966452236106, 1713966452237585, 1479
117, 1713966452250664, 1713966452250807, 143
118, 1713966452265233, 1713966452265475, 242
119, 1713966452279038, 1713966452279279, 241
120, 1713966452292872, 1713966452293112, 240
121, 1713966452307448, 1713966452307593, 145
122, 1713966452322048, 1713966452322192, 144
123, 1713966452336648, 1713966452336804, 156
124, 1713966452351261, 1713966452352430, 1169
125, 1713966452364689, 1713966452365733, 1044
126, 1713966452379178, 1713966452379950, 772
127, 1713966452392841, 1713966452396072, 3231
128, 1713966452404767, 1713966452408767, 4000
129, 1713966452416694, 1713966452422546, 5852
130, 1713966452428650, 1713966452439637, 10987
131, 1713966452440588, 1713966452463588, 23000
132, 1713966452466764, 1713966452471007, 4243
133, 1713966452480429, 1713966452493475, 13046
134, 1713966452492409, 1713966452502199, 9790
135, 1713966452504361, 1713966452517687, 13326
136, 1713966452516277, 1713966452527633, 11356
137, 1713966452530803, 1713966452535736, 4933
138, 1713966452559582, 1713966452559647, 65
139, 1713966452573476, 1713966452573785, 309
140, 1713966452587310, 1713966452588438, 1128
141, 1713966452601906, 1713966452602050, 144
142, 1713966452616476, 1713966452617544, 1068
143, 1713966452628502, 1713966452631078, 2576
144, 1713966452640427, 1713966452645923, 5496
145, 1713966452655384, 1713966452655972, 588
146, 1713966452674380, 1713966452674538, 158
147, 1713966452688946, 1713966452690043, 1097
148, 1713966452704338, 1713966452704579, 241
149, 1713966452718987, 1713966452720077, 1090
150, 1713966452731034, 1713966452734315, 3281
151, 1713966452743013, 1713966452748248, 5235
152, 1713966452764699, 1713966452764868, 169
153, 1713966452778682, 1713966452778925, 243
154, 1713966452792620, 1713966452792874, 254
155, 1713966452807418, 1713966452808543, 1125
156, 1713966452822067, 1713966452822211, 144
157, 1713966452836693, 1713966452836839, 146
158, 1713966452850584, 1713966452850731, 147
159, 1713966452864477, 1713966452864732, 255
160, 1713966452879102, 1713966452879247, 145
161, 1713966452893747, 1713966452893987, 240
162, 1713966452907603, 1713966452907747, 144
163, 1713966452921482, 1713966452921790, 308
164, 1713966452935337, 1713966452935482, 145
165, 1713966452949189, 1713966452949428, 239
166, 1713966452963835, 1713966452964141, 306
167, 1713966452977687, 1713966452977832, 145
168, 1713966452992332, 1713966452992478, 146
169, 1713966453006979, 1713966453007124, 145
170, 1713966453021515, 1713966453022721, 1206
171, 1713966453036932, 1713966453037238, 306
172, 1713966453050789, 1713966453051097, 308
173, 1713966453064692, 1713966453064837, 145
174, 1713966453079316, 1713966453079462, 146
175, 1713966453093962, 1713966453094268, 306
176, 1713966453107815, 1713966453108123, 308
177, 1713966453121736, 1713966453122862, 1126
178, 1713966453136455, 1713966453137652, 1197
179, 1713966453151148, 1713966453152256, 1108
180, 1713966453163232, 1713966453166582, 3350
181, 1713966453175242, 1713966453179467, 4225
182, 1713966453198812, 1713966453198959, 147
183, 1713966453215298, 1713966453215712, 414
184, 1713966453229864, 1713966453230145, 281
185, 1713966453244529, 1713966453244674, 145
186, 1713966453259176, 1713966453259320, 144
187, 1713966453273799, 1713966453274039, 240
188, 1713966453287652, 1713966453287970, 318
189, 1713966453301529, 1713966453301769, 240
190, 1713966453316152, 1713966453316392, 240
191, 1713966453330002, 1713966453330147, 145
192, 1713966453343888, 1713966453344033, 145
193, 1713966453357737, 1713966453358041, 304
194, 1713966453371621, 1713966453371975, 354
195, 1713966453385500, 1713966453386786, 1286
196, 1713966453399627, 1713966453400722, 1095
197, 1713966453411656, 1713966453414074, 2418
198, 1713966453423666, 1713966453428178, 4512
199, 1713966453435652, 1713966453442416, 6764
200, 1713966453447663, 1713966453456839, 9176
201, 1713966453467624, 1713966453470630, 3006
202, 1713966453479588, 1713966453485029, 5441
203, 1713966453491621, 1713966453498852, 7231
204, 1713966453506793, 1713966453513355, 6562
205, 1713966453518787, 1713966453527007, 8220
206, 1713966453532512, 1713966453537743, 5231
207, 1713966453544513, 1713966453550114, 5601
208, 1713966453556551, 1713966453562988, 6437
209, 1713966453574918, 1713966453582286, 7368
210, 1713966453588705, 1713966453603617, 14912
211, 1713966453618186, 1713966453618432, 246
212, 1713966453634586, 1713966453635679, 1093
213, 1713966453649122, 1713966453651215, 2093
214, 1713966453661098, 1713966453666767, 5669
215, 1713966453674799, 1713966453679622, 4823
216, 1713966453688691, 1713966453692941, 4250
217, 1713966453704040, 1713966453705127, 1087
218, 1713966453720582, 1713966453721704, 1122
219, 1713966453732642, 1713966453734761, 2119
220, 1713966453744627, 1713966453749727, 5100
221, 1713966453756894, 1713966453763950, 7056
222, 1713966453769580, 1713966453780549, 10969
223, 1713966453792488, 1713966453798025, 5537
224, 1713966453804463, 1713966453814209, 9746
225, 1713966453816444, 1713966453827640, 11196
226, 1713966453838779, 1713966453844866, 6087
227, 1713966453850798, 1713966453859491, 8693
228, 1713966453867818, 1713966453876923, 9105
229, 1713966453879802, 1713966453891550, 11748
230, 1713966453899663, 1713966453905028, 5365
231, 1713966453916288, 1713966453918085, 1797
232, 1713966453928299, 1713966453933168, 4869
233, 1713966453946764, 1713966453948053, 1289
234, 1713966453961683, 1713966453961830, 147
235, 1713966453976298, 1713966453976605, 307
236, 1713966453990152, 1713966453990297, 145
237, 1713966454004794, 1713966454005034, 240
238, 1713966454018649, 1713966454018794, 145
239, 1713966454033313, 1713966454033555, 242
240, 1713966454047164, 1713966454048256, 1092
241, 1713966454062539, 1713966454062684, 145
242, 1713966454077178, 1713966454077417, 239
243, 1713966454091034, 1713966454091276, 242
244, 1713966454104924, 1713966454105163, 239
245, 1713966454119547, 1713966454120863, 1316
246, 1713966454133862, 1713966454134983, 1121
247, 1713966454149272, 1713966454149511, 239
248, 1713966454163919, 1713966454164065, 146
249, 1713966454177804, 1713966454178043, 239
250, 1713966454192425, 1713966454192664, 239
251, 1713966454206308, 1713966454206454, 146
252, 1713966454220977, 1713966454221283, 306
253, 1713966454234892, 1713966454235037, 145
254, 1713966454248824, 1713966454248997, 173
255, 1713966454263544, 1713966454263689, 145
256, 1713966454277450, 1713966454277755, 305
257, 1713966454291410, 1713966454292516, 1106
258, 1713966454303490, 1713966454307091, 3601
259, 1713966454315504, 1713966454319921, 4417
260, 1713966454327474, 1713966454338976, 11502
261, 1713966454347629, 1713966454348934, 1305
262, 1713966454362075, 1713966454363161, 1086
263, 1713966454374116, 1713966454376537, 2421
264, 1713966454386088, 1713966454386831, 743
265, 1713966454402170, 1713966454404346, 2176
266, 1713966454414170, 1713966454419833, 5663
267, 1713966454431327, 1713966454432758, 1431
268, 1713966454443347, 1713966454449535, 6188
269, 1713966454455315, 1713966454463399, 8084
270, 1713966454472450, 1713966454478035, 5585
271, 1713966454484423, 1713966454489548, 5125
272, 1713966454507480, 1713966454507625, 145
273, 1713966454524624, 1713966454525732, 1108
274, 1713966454539280, 1713966454541614, 2334
275, 1713966454553061, 1713966454554978, 1917
276, 1713966454565034, 1713966454568697, 3663
277, 1713966454577006, 1713966454583313, 6307
278, 1713966454588980, 1713966454599889, 10909
279, 1713966454600952, 1713966454615907, 14955
280, 1713966454627684, 1713966454628807, 1123
281, 1713966454642437, 1713966454642677, 240
282, 1713966454656482, 1713966454656626, 144
283, 1713966454671286, 1713966454671429, 143
284, 1713966454686045, 1713966454686498, 453
285, 1713966454700293, 1713966454700854, 561
286, 1713966454717160, 1713966454717313, 153
287, 1713966454731136, 1713966454731286, 150
288, 1713966454746589, 1713966454746832, 243
289, 1713966454760560, 1713966454760721, 161
290, 1713966454774558, 1713966454774706, 148
291, 1713966454788522, 1713966454788668, 146
292, 1713966454803232, 1713966454803472, 240
293, 1713966454817202, 1713966454817511, 309
294, 1713966454831928, 1713966454832074, 146
295, 1713966454845894, 1713966454846200, 306
296, 1713966454860616, 1713966454861641, 1025
297, 1713966454875342, 1713966454875934, 592
298, 1713966454889029, 1713966454892107, 3078
299, 1713966454900927, 1713966454905547, 4620