0, 1713966320213788, 1713966320214065, 277
1, 1713966320374235, 1713966320374470, 235
2, 1713966320388688, 1713966320389010, 322
3, 1713966320403828, 1713966320403977, 149
4, 1713966320418196, 1713966320418357, 161
5, 1713966320432865, 1713966320433923, 1058
6, 1713966320447434, 1713966320449353, 1919
7, 1713966320461139, 1713966320464383, 3244
8, 1713966320473075, 1713966320476151, 3076
9, 1713966320485006, 1713966320493975, 8969
10, 1713966320500405, 1713966320504735, 4330
11, 1713966320517587, 1713966320523552, 5965
12, 1713966320532403, 1713966320544504, 12101
13, 1713966320544334, 1713966320551884, 7550
14, 1713966320562013, 1713966320578438, 16425
15, 1713966320585266, 1713966320586600, 1334
16, 1713966320600551, 1713966320601625, 1074
17, 1713966320615055, 1713966320616232, 1177
18, 1713966320627055, 1713966320635820, 8765
19, 1713966320638992, 1713966320644402, 5410
20, 1713966320660722, 1713966320665394, 4672
21, 1713966320672663, 1713966320677491, 4828
22, 1713966320684627, 1713966320692904, 8277
23, 1713966320696570, 1713966320701783, 5213
24, 1713966320713811, 1713966320721826, 8015
25, 1713966320733212, 1713966320734682, 1470
26, 1713966320745180, 1713966320745882, 702
27, 1713966320762589, 1713966320764507, 1918
28, 1713966320774556, 1713966320782109, 7553
29, 1713966320788968, 1713966320790146, 1178
30, 1713966320805991, 1713966320807381, 1390
31, 1713966320817988, 1713966320821547, 3559
32, 1713966320829924, 1713966320832884, 2960
33, 1713966320850751, 1713966320850994, 243
34, 1713966320865433, 1713966320865674, 241
35, 1713966320879804, 1713966320880114, 310
36, 1713966320894950, 1713966320896175, 1225
37, 1713966320906987, 1713966320911310, 4323
38, 1713966320918923, 1713966320922237, 3314
39, 1713966320936995, 1713966320941589, 4594
40, 1713966320953995, 1713966320955915, 1920
41, 1713966320971727, 1713966320972868, 1141
42, 1713966320986902, 1713966320987047, 145
43, 1713966321001253, 1713966321001748, 495
44, 1713966321016438, 1713966321016679, 241
45, 1713966321030815, 1713966321031122, 307
46, 1713966321045960, 1713966321046105, 145
47, 1713966321061377, 1713966321061980, 603
48, 1713966321075725, 1713966321075966, 241
49, 1713966321090099, 1713966321091287, 1188
50, 1713966321105324, 1713966321105880, 556
51, 1713966321120467, 1713966321120613, 146
52, 1713966321134852, 1713966321135159, 307
53, 1713966321150027, 1713966321150172, 145
54, 1713966321164372, 1713966321164678, 306
55, 1713966321179080, 1713966321179320, 240
56, 1713966321193460, 1713966321194872, 1412
57, 1713966321208230, 1713966321208374, 144
58, 1713966321223752, 1713966321225023, 1271
59, 1713966321238332, 1713966321240259, 1927
60, 1713966321253885, 1713966321255127, 1242
61, 1713966321269073, 1713966321269777, 704
62, 1713966321284489, 1713966321285684, 1195
63, 1713966321299224, 1713966321300475, 1251
64, 1713966321313685, 1713966321315738, 2053
65, 1713966321325622, 1713966321330191, 4569
66, 1713966321342682, 1713966321343362, 680
67, 1713966321356422, 1713966321360537, 4115
68, 1713966321368357, 1713966321373557, 5200
69, 1713966321388361, 1713966321389441, 1080
70, 1713966321400445, 1713966321404887, 4442
71, 1713966321417261, 1713966321418535, 1274
72, 1713966321432363, 1713966321433445, 1082
73, 1713966321444416, 1713966321449090, 4674
74, 1713966321461262, 1713966321462834, 1572
75, 1713966321474333, 1713966321477848, 3515
76, 1713966321486271, 1713966321492878, 6607
77, 1713966321498247, 1713966321507688, 9441
78, 1713966321515331, 1713966321522223, 6892
79, 1713966321528402, 1713966321533607, 5205
80, 1713966321545624, 1713966321551441, 5817
81, 1713966321557563, 1713966321565533, 7970
82, 1713966321572437, 1713966321576159, 3722
83, 1713966321584367, 1713966321596271, 11904
84, 1713966321609197, 1713966321611552, 2355
85, 1713966321621135, 1713966321626161, 5026
86, 1713966321638076, 1713966321646335, 8259
87, 1713966321650069, 1713966321653518, 3449
88, 1713966321668189, 1713966321670929, 2740
89, 1713966321680186, 1713966321685459, 5273
90, 1713966321697384, 1713966321706291, 8907
91, 1713966321709350, 1713966321714671, 5321
92, 1713966321721321, 1713966321729215, 7894
93, 1713966321741326, 1713966321744308, 2982
94, 1713966321753292, 1713966321757590, 4298
95, 1713966321765250, 1713966321772615, 7365
96, 1713966321780449, 1713966321787031, 6582
97, 1713966321797229, 1713966321799790, 2561
98, 1713966321813677, 1713966321813819, 142
99, 1713966321828235, 1713966321828393, 158
100, 1713966321842872, 1713966321843978, 1106
101, 1713966321857588, 1713966321858918, 1330
102, 1713966321872489, 1713966321872799, 310
103, 1713966321888033, 1713966321888276, 243
104, 1713966321902559, 1713966321902870, 311
105, 1713966321917389, 1713966321918440, 1051
106, 1713966321932436, 1713966321933719, 1283
107, 1713966321946331, 1713966321948591, 2260
108, 1713966321958270, 1713966321962278, 4008
109, 1713966321974338, 1713966321978004, 3666
110, 1713966321986335, 1713966321991383, 5048
111, 1713966322002262, 1713966322007032, 4770
112, 1713966322014210, 1713966322020610, 6400
113, 1713966322030333, 1713966322036584, 6251
114, 1713966322044056, 1713966322045716, 1660
115, 1713966322057732, 1713966322067048, 9316
116, 1713966322069672, 1713966322077645, 7973
117, 1713966322089582, 1713966322095386, 5804
118, 1713966322101552, 1713966322109502, 7950
119, 1713966322116267, 1713966322129192, 12925
120, 1713966322132402, 1713966322142134, 9732
121, 1713966322146207, 1713966322153109, 6902
122, 1713966322158162, 1713966322164755, 6593
123, 1713966322170125, 1713966322178285, 8160
124, 1713966322192405, 1713966322192711, 306
125, 1713966322209546, 1713966322209916, 370
126, 1713966322224916, 1713966322225222, 306
127, 1713966322240071, 1713966322240216, 145
128, 1713966322254439, 1713966322254677, 238
129, 1713966322269105, 1713966322270177, 1072
130, 1713966322283679, 1713966322284405, 726
131, 1713966322297335, 1713966322300661, 3326
132, 1713966322309274, 1713966322314440, 5166
133, 1713966322321233, 1713966322330105, 8872
134, 1713966322336402, 1713966322346424, 10022
135, 1713966322348342, 1713966322361257, 12915
136, 1713966322373194, 1713966322373975, 781
137, 1713966322388567, 1713966322389896, 1329
138, 1713966322402332, 1713966322403761, 1429
139, 1713966322414298, 1713966322417330, 3032
140, 1713966322429164, 1713966322430353, 1189
141, 1713966322446176, 1713966322448899, 2723
142, 1713966322461314, 1713966322464113, 2799
143, 1713966322473282, 1713966322478911, 5629
144, 1713966322489837, 1713966322492206, 2369
145, 1713966322506506, 1713966322507548, 1042
146, 1713966322521053, 1713966322522252, 1199
147, 1713966322536566, 1713966322537629, 1063
148, 1713966322548587, 1713966322553112, 4525
149, 1713966322565266, 1713966322566973, 1707
150, 1713966322577235, 1713966322577919, 684
151, 1713966322596300, 1713966322597344, 1044
152, 1713966322611442, 1713966322612508, 1066
153, 1713966322626063, 1713966322626306, 243
154, 1713966322640666, 1713966322640812, 146
155, 1713966322655044, 1713966322656168, 1124
156, 1713966322670162, 1713966322670484, 322
157, 1713966322684785, 1713966322684930, 145
158, 1713966322699136, 1713966322699443, 307
159, 1713966322713758, 1713966322713998, 240
160, 1713966322728103, 1713966322728409, 306
161, 1713966322742725, 1713966322742870, 145
162, 1713966322757072, 1713966322757313, 241
163, 1713966322771452, 1713966322772576, 1124
164, 1713966322786047, 1713966322787083, 1036
165, 1713966322800531, 1713966322801142, 611
166, 1713966322815879, 1713966322816186, 307
167, 1713966322831017, 1713966322831162, 145
168, 1713966322845368, 1713966322845748, 380
169, 1713966322859746, 1713966322860052, 306
170, 1713966322874334, 1713966322874640, 306
171, 1713966322889471, 1713966322889711, 240
172, 1713966322903823, 1713966322904062, 239
173, 1713966322918254, 1713966322919348, 1094
174, 1713966322932931, 1713966322934924, 1993
175, 1713966322948594, 1713966322949953, 1359
176, 1713966322963187, 1713966322963425, 238
177, 1713966322977566, 1713966322978803, 1237
178, 1713966322992108, 1713966322993143, 1035
179, 1713966323004099, 1713966323009296, 5197
180, 1713966323016173, 1713966323021032, 4859
181, 1713966323028449, 1713966323034134, 5685
182, 1713966323052874, 1713966323053016, 142
183, 1713966323072145, 1713966323072393, 248
184, 1713966323086847, 1713966323087594, 747
185, 1713966323102331, 1713966323104231, 1900
186, 1713966323114282, 1713966323119455, 5173
187, 1713966323131527, 1713966323132649, 1122
188, 1713966323146664, 1713966323146808, 144
189, 1713966323161786, 1713966323162095, 309
190, 1713966323177017, 1713966323178065, 1048
191, 1713966323192138, 1713966323193191, 1053
192, 1713966323206331, 1713966323208233, 1902
193, 1713966323218288, 1713966323223505, 5217
194, 1713966323236453, 1713966323237743, 1290
195, 1713966323250332, 1713966323250616, 284
196, 1713966323265702, 1713966323266008, 306
197, 1713966323280339, 1713966323281373, 1034
198, 1713966323292331, 1713966323296848, 4517
199, 1713966323309508, 1713966323309652, 144
200, 1713966323324932, 1713966323325401, 469
201, 1713966323340045, 1713966323340189, 144
202, 1713966323355180, 1713966323356303, 1123
203, 1713966323370290, 1713966323370472, 182
204, 1713966323384707, 1713966323385016, 309
205, 1713966323399815, 1713966323399960, 145
206, 1713966323414194, 1713966323414445, 251
207, 1713966323428544, 1713966323429706, 1162
208, 1713966323442331, 1713966323444620, 2289
209, 1713966323454251, 1713966323458285, 4034
210, 1713966323466196, 1713966323476570, 10374
211, 1713966323485211, 1713966323490241, 5030
212, 1713966323505076, 1713966323506111, 1035
213, 1713966323517069, 1713966323521763, 4694
214, 1713966323533964, 1713966323536724, 2760
215, 1713966323549191, 1713966323551922, 2731
216, 1713966323561139, 1713966323565868, 4729
217, 1713966323579506, 1713966323580558, 1052
218, 1713966323594108, 1713966323594253, 145
219, 1713966323609474, 1713966323610552, 1078
220, 1713966323621497, 1713966323626009, 4512
221, 1713966323637574, 1713966323642550, 4976
222, 1713966323655901, 1713966323656935, 1034
223, 1713966323667893, 1713966323672611, 4718
224, 1713966323685262, 1713966323686295, 1033
225, 1713966323697213, 1713966323700055, 2842
226, 1713966323709136, 1713966323715941, 6805
227, 1713966323724400, 1713966323729799, 5399
228, 1713966323741248, 1713966323744932, 3684
229, 1713966323753168, 1713966323758346, 5178
230, 1713966323770046, 1713966323773568, 3522
231, 1713966323781994, 1713966323788360, 6366
232, 1713966323793918, 1713966323800881, 6963
233, 1713966323808437, 1713966323813465, 5028
234, 1713966323826948, 1713966323828998, 2050
235, 1713966323838864, 1713966323841956, 3092
236, 1713966323852622, 1713966323856908, 4286
237, 1713966323870263, 1713966323871883, 1620
238, 1713966323882250, 1713966323885998, 3748
239, 1713966323896023, 1713966323905216, 9193
240, 1713966323907967, 1713966323914992, 7025
241, 1713966323919885, 1713966323928990, 9105
242, 1713966323931807, 1713966323937348, 5541
243, 1713966323943792, 1713966323954649, 10857
244, 1713966323965409, 1713966323969818, 4409
245, 1713966323983737, 1713966323984462, 725
246, 1713966324005249, 1713966324005441, 192
247, 1713966324019599, 1713966324019742, 143
248, 1713966324036407, 1713966324036552, 145
249, 1713966324050187, 1713966324050343, 156
250, 1713966324064637, 1713966324065464, 827
251, 1713966324079771, 1713966324086115, 6344
252, 1713966324091717, 1713966324096618, 4901
253, 1713966324108537, 1713966324110538, 2001
254, 1713966324122266, 1713966324134776, 12510
255, 1713966324136419, 1713966324148658, 12239
256, 1713966324157318, 1713966324162420, 5102
257, 1713966324171105, 1713966324176769, 5664
258, 1713966324189261, 1713966324190974, 1713
259, 1713966324204350, 1713966324205607, 1257
260, 1713966324218331, 1713966324218848, 517
261, 1713966324232867, 1713966324233944, 1077
262, 1713966324247846, 1713966324248986, 1140
263, 1713966324262522, 1713966324263640, 1118
264, 1713966324277153, 1713966324277295, 142
265, 1713966324291502, 1713966324291808, 306
266, 1713966324306637, 1713966324306782, 145
267, 1713966324322006, 1713966324323042, 1036
268, 1713966324336473, 1713966324337107, 634
269, 1713966324350738, 1713966324351888, 1150
270, 1713966324365876, 1713966324366021, 145
271, 1713966324382334, 1713966324382594, 260
272, 1713966324399122, 1713966324400156, 1034
273, 1713966324411117, 1713966324413762, 2645
274, 1713966324423035, 1713966324429216, 6181
275, 1713966324434956, 1713966324448022, 13066
276, 1713966324453966, 1713966324457874, 3908
277, 1713966324465887, 1713966324472048, 6161
278, 1713966324488424, 1713966324495644, 7220
279, 1713966324502339, 1713966324514717, 12378
280, 1713966324516439, 1713966324525685, 9246
281, 1713966324534347, 1713966324542731, 8384
282, 1713966324549106, 1713966324564670, 15564
283, 1713966324564403, 1713966324579252, 14849
284, 1713966324578133, 1713966324588865, 10732
285, 1713966324592588, 1713966324612547, 19959
286, 1713966324616429, 1713966324627562, 11133
287, 1713966324632407, 1713966324641258, 8851
288, 1713966324653208, 1713966324659796, 6588
289, 1713966324669613, 1713966324670147, 534
290, 1713966324685108, 1713966324685589, 481
291, 1713966324698988, 1713966324700081, 1093
292, 1713966324713596, 1713966324714883, 1287
293, 1713966324728293, 1713966324729379, 1086
294, 1713966324740338, 1713966324743896, 3558
295, 1713966324752306, 1713966324757542, 5236
296, 1713966324769518, 1713966324773317, 3799
297, 1713966324781516, 1713966324785537, 4021
298, 1713966324793498, 1713966324804163, 10665
299, 1713966324813596, 1713966324818888, 5292