0, 1713964706463181, 1713964706463566, 385
1, 1713964706483566, 1713964706483849, 283
2, 1713964706498031, 1713964706498249, 218
3, 1713964706512398, 1713964706512612, 214
4, 1713964706526791, 1713964706527003, 212
5, 1713964706541266, 1713964706541478, 212
6, 1713964706555813, 1713964706556025, 212
7, 1713964706570426, 1713964706570634, 208
8, 1713964706585043, 1713964706585251, 208
9, 1713964706599725, 1713964706599936, 211
10, 1713964706617502, 1713964706617713, 211
11, 1713964706631860, 1713964706632007, 147
12, 1713964706646596, 1713964706646744, 148
13, 1713964706661274, 1713964706661421, 147
14, 1713964706676011, 1713964706676155, 144
15, 1713964706690747, 1713964706690892, 145
16, 1713964706705551, 1713964706705696, 145
17, 1713964706720384, 1713964706720529, 145
18, 1713964706735263, 1713964706735407, 144
19, 1713964706750154, 1713964706750298, 144
20, 1713964706768168, 1713964706768312, 144
21, 1713964706782789, 1713964706782932, 143
22, 1713964706797422, 1713964706797565, 143
23, 1713964706812122, 1713964706812267, 145
24, 1713964706826828, 1713964706826972, 144
25, 1713964706841594, 1713964706841740, 146
26, 1713964706856380, 1713964706856524, 144
27, 1713964706871216, 1713964706871360, 144
28, 1713964706886062, 1713964706886205, 143
29, 1713964706900947, 1713964706901092, 145
30, 1713964706918981, 1713964706919125, 144
31, 1713964706933566, 1713964706933711, 145
32, 1713964706948243, 1713964706948387, 144
33, 1713964706962904, 1713964706963048, 144
34, 1713964706977629, 1713964706977773, 144
35, 1713964706992383, 1713964706992527, 144
36, 1713964707007183, 1713964707007327, 144
37, 1713964707021993, 1713964707022137, 144
38, 1713964707036839, 1713964707037046, 207
39, 1713964707051419, 1713964707051625, 206
40, 1713964707069089, 1713964707069297, 208
41, 1713964707083373, 1713964707083579, 206
42, 1713964707097666, 1713964707097883, 217
43, 1713964707112037, 1713964707112244, 207
44, 1713964707126403, 1713964707126608, 205
45, 1713964707140833, 1713964707141040, 207
46, 1713964707155277, 1713964707155484, 207
47, 1713964707169755, 1713964707169979, 224
48, 1713964707184321, 1713964707184527, 206
49, 1713964707198876, 1713964707199136, 260
50, 1713964707216648, 1713964707216858, 210
51, 1713964707230909, 1713964707231116, 207
52, 1713964707245236, 1713964707245444, 208
53, 1713964707259572, 1713964707259779, 207
54, 1713964707273980, 1713964707274188, 208
55, 1713964707288397, 1713964707288603, 206
56, 1713964707302847, 1713964707303054, 207
57, 1713964707317358, 1713964707317564, 206
58, 1713964707331878, 1713964707332084, 206
59, 1713964707346462, 1713964707346669, 207
60, 1713964707364163, 1713964707364370, 207
61, 1713964707378444, 1713964707378651, 207
62, 1713964707392738, 1713964707392945, 207
63, 1713964707407094, 1713964707407299, 205
64, 1713964707421462, 1713964707421669, 207
65, 1713964707435877, 1713964707436083, 206
66, 1713964707450350, 1713964707450557, 207
67, 1713964707464836, 1713964707465042, 206
68, 1713964707479389, 1713964707479597, 208
69, 1713964707493962, 1713964707494169, 207
70, 1713964707511687, 1713964707511894, 207
71, 1713964707525964, 1713964707526171, 207
72, 1713964707540306, 1713964707540513, 207
73, 1713964707554656, 1713964707554866, 210
74, 1713964707569055, 1713964707569263, 208
75, 1713964707583511, 1713964707583719, 208
76, 1713964707597973, 1713964707598179, 206
77, 1713964707612501, 1713964707612708, 207
78, 1713964707627038, 1713964707627245, 207
79, 1713964707641639, 1713964707641846, 207
80, 1713964707659349, 1713964707659556, 207
81, 1713964707673653, 1713964707673859, 206
82, 1713964707687994, 1713964707688137, 143
83, 1713964707702676, 1713964707702819, 143
84, 1713964707717424, 1713964707717568, 144
85, 1713964707732183, 1713964707732326, 143
86, 1713964707747005, 1713964707747149, 144
87, 1713964707761836, 1713964707761992, 156
88, 1713964707776745, 1713964707776889, 144
89, 1713964707791650, 1713964707791793, 143
90, 1713964707809698, 1713964707809841, 143
91, 1713964707824323, 1713964707824466, 143
92, 1713964707838966, 1713964707839110, 144
93, 1713964707853675, 1713964707853819, 144
94, 1713964707870674, 1713964707870819, 145
95, 1713964707885392, 1713964707885557, 165
96, 1713964707903515, 1713964707903661, 146
97, 1713964707919161, 1713964707919305, 144
98, 1713964707937883, 1713964707938027, 144
99, 1713964707953227, 1713964707953371, 144
100, 1713964707968582, 1713964707968729, 147
101, 1713964707984063, 1713964707984238, 175
102, 1713964707999615, 1713964707999759, 144
103, 1713964708015183, 1713964708015327, 144
104, 1713964708030786, 1713964708030929, 143
105, 1713964708046396, 1713964708046543, 147
106, 1713964708062079, 1713964708062222, 143
107, 1713964708077770, 1713964708077930, 160
108, 1713964708096552, 1713964708096695, 143
109, 1713964708111851, 1713964708111995, 144
110, 1713964708127212, 1713964708127356, 144
111, 1713964708142579, 1713964708142724, 145
112, 1713964708158013, 1713964708158158, 145
113, 1713964708173488, 1713964708173633, 145
114, 1713964708188977, 1713964708189122, 145
115, 1713964708204531, 1713964708204675, 144
116, 1713964708220090, 1713964708220234, 144
117, 1713964708235714, 1713964708235859, 145
118, 1713964708254429, 1713964708254573, 144
119, 1713964708269756, 1713964708269917, 161
120, 1713964708285103, 1713964708285246, 143
121, 1713964708300496, 1713964708300641, 145
122, 1713964708315940, 1713964708316084, 144
123, 1713964708331378, 1713964708331522, 144
124, 1713964708346882, 1713964708347026, 144
125, 1713964708362405, 1713964708362548, 143
126, 1713964708377983, 1713964708378127, 144
127, 1713964708393570, 1713964708393713, 143
128, 1713964708412322, 1713964708412467, 145
129, 1713964708427613, 1713964708427760, 147
130, 1713964708442973, 1713964708443116, 143
131, 1713964708458365, 1713964708458509, 144
132, 1713964708473765, 1713964708473923, 158
133, 1713964708489253, 1713964708489396, 143
134, 1713964708504730, 1713964708504874, 144
135, 1713964708520272, 1713964708520416, 144
136, 1713964708535823, 1713964708535969, 146
137, 1713964708551439, 1713964708551582, 143
138, 1713964708570144, 1713964708570289, 145
139, 1713964708585466, 1713964708585611, 145
140, 1713964708600825, 1713964708600969, 144
141, 1713964708616189, 1713964708616332, 143
142, 1713964708631622, 1713964708631765, 143
143, 1713964708647058, 1713964708647201, 143
144, 1713964708662564, 1713964708662733, 169
145, 1713964708680700, 1713964708680844, 144
146, 1713964708695601, 1713964708695745, 144
147, 1713964708713604, 1713964708713748, 144
148, 1713964708728194, 1713964708728337, 143
149, 1713964708742864, 1713964708743007, 143
150, 1713964708757512, 1713964708757656, 144
151, 1713964708772201, 1713964708772345, 144
152, 1713964708786952, 1713964708787125, 173
153, 1713964708801757, 1713964708801916, 159
154, 1713964708816572, 1713964708816716, 144
155, 1713964708831435, 1713964708831579, 144
156, 1713964708846308, 1713964708846455, 147
157, 1713964708864301, 1713964708864447, 146
158, 1713964708878934, 1713964708879078, 144
159, 1713964708893540, 1713964708893684, 144
160, 1713964708908202, 1713964708908346, 144
161, 1713964708922914, 1713964708923057, 143
162, 1713964708937636, 1713964708937780, 144
163, 1713964708952415, 1713964708952560, 145
164, 1713964708967243, 1713964708967386, 143
165, 1713964708982076, 1713964708982221, 145
166, 1713964708996949, 1713964708997093, 144
167, 1713964709014996, 1713964709015141, 145
168, 1713964709029570, 1713964709029714, 144
169, 1713964709044201, 1713964709044345, 144
170, 1713964709058891, 1713964709059034, 143
171, 1713964709073590, 1713964709073734, 144
172, 1713964709088339, 1713964709088483, 144
173, 1713964709103139, 1713964709103282, 143
174, 1713964709117945, 1713964709118089, 144
175, 1713964709132790, 1713964709132934, 144
176, 1713964709147728, 1713964709147871, 143
177, 1713964709165729, 1713964709165886, 157
178, 1713964709180335, 1713964709180480, 145
179, 1713964709194989, 1713964709195133, 144
180, 1713964709209652, 1713964709209796, 144
181, 1713964709224365, 1713964709224509, 144
182, 1713964709239127, 1713964709239272, 145
183, 1713964709253883, 1713964709253947, 64
184, 1713964709269217, 1713964709269280, 63
185, 1713964709287275, 1713964709287341, 66
186, 1713964709304207, 1713964709304273, 66
187, 1713964709317750, 1713964709317815, 65
188, 1713964709331319, 1713964709331383, 64
189, 1713964709347926, 1713964709347991, 65
190, 1713964709362425, 1713964709362489, 64
191, 1713964709377010, 1713964709377087, 77
192, 1713964709391624, 1713964709391689, 65
193, 1713964709406214, 1713964709406424, 210
194, 1713964709421646, 1713964709421857, 211
195, 1713964709440189, 1713964709440399, 210
196, 1713964709455330, 1713964709455538, 208
197, 1713964709470473, 1713964709470682, 209
198, 1713964709485678, 1713964709485900, 222
199, 1713964709500912, 1713964709501120, 208
